846

186, 197 -199, 226, 234, 258261, 277 -
281, 284, 286, 295, 296, 298, 305, 306, 317,
319, 320, 327-329, 335, 339, 345, 352
355, 357, 358, 361-363, 366, 367, 370,
371, 388-395, 402, 411, 414, 416-418,
420-422, 424, 430, 431, 435, 450, 458,
461, 465, 468-471, 476, 478, 479, 481,
495, 496, 498500, 503-505, 508, 523
527, 529, 530, 538, 544, 546-548, 554,
556, 558, 563-566, 573, 582, 583, 587,
594, 598, 607, 612-617, 623-625, 629 -
631, 634, 642 645, 650, 651, 653, 654,
656, 660, 661, 664, 668, 737, 743.

tomback. Zie tabak.

tooken. Zie tulbanden.

touw 404, 641.

tulbanden 34, 43, 65, 66, 68, 71, 72, 75, 80,
81, 86, 98, 100, 101, 106, 109, 118, 483,
485, 487 -492, 753.

turbits (een purgatief, zie Glossarium) 148,
149.

turkooizen 142, 144.

turmerie, zie eurcuma.

V.

valken 271.

verf 528, 554, 649.

vergatten. Zie fregatten.

vermillioen 124, 175, 185, 217, 279, 444, 480,
515, 560.

vesten (Perzische) 226,

visch 43.

vistanden (zie Glossarium) 144, 185, 187,
279.

vloot van verdediging 15, 30, 156, 160, 655,
785.

vlootovereenkomst 308.

vogels 143.

vracht op zijde 209 n,

vruchten (gedroogde) 515.

vrije handel. Zie liberteyt van negotie.

vijgen 572.

vijzels 501, 509, 529, 544, 567.

W.

waskaarsen 295.

wassen. Zie waskaarsen.

water 43.

weegloon (drevo de balance) 200.

weegschalen 200.

wegtollen (raderijen, radary) 69, 102, 116,
120, 137, 185, 200, 270, 327, 345, 353,
367, 397, 427, 469, 475, 528, 613, 659,
661, 679, 681, 682.

wierook 559.

ZAKEN-INDEX.

windassen 187.

wol 276.

wormpoeder (semensina) 188, 358, 367.

wortelen 43.

wijn. 54, 193, 226, 271, 281, 287, 295, 435,
572, 617, 736.

IJ.
ijzer 6.
ijzeroxyd 515, 530.

Z.

zaad 143, 226, 428,

zard-tehubeh. Zie cureuma.

zegellak 156, 436, 768.

zilver 27, 28, 35, 39, 62, 79, 83, 84, 86, 106,
114, 115, 126, 134-136, 139, 159, 167,
170, 175, 184, 187, 217, 255, 296, 328,
500, 501, 554, 559, 583, 630, 737, 772.

zilverwerk 22, 7577, 83, 87, 91, 110, 111,
113, 501, 506, 529, 617.

zilverwit 313, 373.

zoethout 559.

zonnezeilen (semianes) 276.

zout 165, 501, 530, 549.

zuur (ingelegd) 472.

zwavel 19, 35, 232, 509, 529, 530, 560.

zijde 1, 6, 9-11, 13-19, 26, 29-33, 38-
43, 4548, 52, 54, 55, 57-61, 6365,
73, 76, 78, 80, 81, 83-86, 98, 99, 102,
107, 108, 113-115, 118-122, 124, 125,
130-134, 136-140, 142-144, 146, 149,
153, 155, 156, 160, 161, 167, 170173,
177, 178, 180, 182, 184-186, 188, 192,
195-202, 206-209, 2138-222, 225, 226,
228- 230, 232238, 242244, 246 - 249,
251-257, 261, 262, 266269, 272, 274
277, 280, 285, 287, 290, 292297, 299
301, 303, 305, 306, 317-322, 326, 329
331, 333, 334, 337, 347-351, 353, 354,
356-360, 363, 365, 367, 370372, 374,
375, 377-380, 384, 386, 388-391, 393,
396, 398 407, 409, 411, 412, 417, 420,
421, 424, 426-429, 431, 433, 434, 437 -
440, 442, 444446, 449, 451, 453 -455,
457, 458, 461 -463, 465, 466, 468472,
475480, 495- 506, 508, 512519, 522
524, 526-528, 530, 532, 533, 535, 537,
538, 540, 541, 543-549, 551 -557, 560,
562 567, 569, 570, 574, 577 -579, 581
588, 590-594, 596-605, 609, 611 -619,
621-625, 627 -632, 634644, 647, 650,
653-658, 660 -662, 664 672, 675, 677,
691, 695-698, 705, 709713, 716, 724,
725, 727, 744, 749, 754, 757, 769, 770, 781.

zijde (qualiteiten van) 198, 665.
