844

470, 476, 477, 481, 506, 527, 530, 557,
558, 562, 570, 573, 578, 579, 597, 607,
615, 640, 642, 644, 651, 675, 676, 678
682, 686, 712, 724, 733, 735, 737, 750,
7153, 757-759, 785, 786.

panciers, pansiers. Zie harnassen.

papegaaien 143.    -

parels 31, 232, 335, 392, 397, 406, 481, 482,
495, 502, 528, 554, 556, 558, 559, 561,
567, 568, 585, 607, 614, 615, 641.

passement 176, 528, 554.

pater nosters (zie Glossarium) 277.

pelterijen 505, 528, 548, 566.

penseelen 528, 554, 649.

peper 4, 13, 19, 27-29, 32, 33, 35, 41, 42,
58, 62, 79; 81, 82, 84, 85, 116-118, 134,
135, 139, 140, 149, 159, 172, 176, 185,
186, 192, 197, 198, 215, 217, 218, 220,
221, 229, 234, 246, 251, 256, 258, 261,
264, 269, 270, 277-279, 285-288, 291,
296, 299, 304, 313, 317, 320, 334, 356,
357, 362, 370, 375, 387, 392, 398, 432
434, 437, 451, 453, 454, 474, 476, 480,
487, 500, 510, 513, 516, 527, 542, 550,
551, 555, 562, 571, 580, 588, 589, 591,
602, 603, 605, 607-609, 611, 615, 626,
627, 641, 652, 723, 744, 747, 770, 772,
774, 780, 785.

peren 295.

pest 192, 547, 566, 590, 604, 612, 665.

petasiens. Zie pimpernoten.

pimpernoten 44, 226, 281, 372, 572, 607.

pistaches, pistages, pistasiens, pistatjens. Zie
pimpernoten.

pistolen 34, 67, 71, 100, 101, 126, 472, 480,
511.

poeyersuycker. Zie suiker.

porcelein 23, 35, 44, 155, 176, 198, 249, 313,
472, 480, 501, 510, 529, 542, 550, 555,
557, 565, 571, 589, 591, 602, 605, 642,
643, 649, 651, 653, 770.

Portugaloisen. 558.

proviand (mantimentos) 14, 32.

pruimen 43, 295.

Q.
guicksilver. Zie kwikzilver.
R.

rabarber 35, 41, 82, 86, 113, 116, 117, 131,
143, 148, 156, 247, 334, 358, 367, 375,
379, 437, 565, 587, 591, 607, 614, 625,
631, 638, 644, 651, 655, 656, 769.

raderijen. Zie wegtollen.

radix China 22, 29, 35, 41, 59, 61, 139, 155,
217, 259, 279, 313, 317, 370, 472, 480,
542, 551, 560, 571, 589, 643, 769.

ZAKEN-INDEX.

realen 1, 13, 14, 17, 20, 22, 27-30, 33, 34,
39, 41, 43, 44, 49, 52, 5457, 59, 62, 64,
66-70, 73, 74, 7683, 85, 89, 90, 107,
108, 110, 114, 116, 122, 124, 130 -134,
136-139, 144, 153, 159, 161, 176, 188,
199, 215, 221-223, 226, 234, 235, 253,
255, 257, 264, 278, 279, 283, 286, 292, 297,
299, 329, 360, 384, 387, 393, 406, 421,
433, 435, 440, 451, 473, 482, 493, 494,
501, 502, 504, 505, 509, 511, 512, 517,
521, 524, 528, 541, 542, 543, 548, 549,
554, 558, 568, 582, 614, 615, 627, 772,
774, 780.

reigers 271.

resoluties 14, 12, 23, 25, 48, 55, 61, 326,
441, 446, 464, 530, 601, 687, 721.

reyalen. Zie realen.

robarber. Zie rabarber.

robijnen 175, 185, 412, 418, 469, 472, 505,
600.

rocktutia. Zie spiauter.

roers 34, 60, 65, 67, 71, 81, 100, 101, 176,
183, 187, 472.

roode aarde Zie ijzeroxyd.

ropias. Zie ropijen.

ropijen 17, 28, 32, 482 486, 490 - 494, 510,
513, 514, 619, 633, 650, 653.

rotting 511, 551, 555, 560, 571.

rozenwater 41, 51, 54, 82, 86, 113, 118, 119,
131, 143, 226, 252, 281, 287, 290, 530,
562, 572, 597.

rozijnen 41, 44, 64, 281, 530, 559, 562, 572,
595.

rubarber. Zie rabarber.

ruynas. Zie meekrap.

rijksdaalders 122, 124, 130, 247, 269, 407,
411, 433, 434, 455, 458, 461, 468, 481,
501, 504, 518, 524, 550, 551, 554, 574, 627,
653, 701.

rijst 35, 166, 198, 235, 247, 265, 277, 279,
282, 297, 308, 314, 327, 473-475, 542,
548, 557, 571, 574, 577, 607, 609, 610,
616, 619, 620, 641, 650, 652, 653.

S.

sabels 124, 126.

saffraan 572, 597.

saffren de terra. Zie curcuma.

salarmoniacqg, salarmoniago 18, 36, 61, 156,
176, 197, 234, 279, 314, 362, 473, 474.

salpeter 35, 136, 156, 202, 220, 236, 277,
294, 312, 398, 436, 605, 768.

sandelhout 22, 29, 30, 34, 35, 40, 41, 59,
66, 67, 6975, 85, 89, 94, 95, 118, 134,
139, 155, 176, 185, 259, 264, 278, 313,
317, 353, 362, 367, 388, 395, 413, 418,
438, 468, 473, 474, 476, 480, 542, 589,
608, 610, 785,
