ZAKEN-INDEX.

sappanhout, saponhout 22, 29, 36, 41, 59,
134, 139, 217, 277, 278, 313, 362, 433,
438, 451, 455, 459, 468, 471, 473 476,
480, 499501, 512, 516, 529, 542, 548,
549, 551, 556, 557, 562, 563, 571, 589,
605, 608 610, 616, 770.

sardennge. Zie sardines.

sardines 43.

satijn. 77, 80, 173, 176.

schapen 67, 99.

scharlaken. 472.

scheepjes (voor versiering) 145.

schenkages 27, 64, 6772, 75-77, 80-83,
86, 90, 91, 93, 95, 98, 99, 101, 103, 110,
113, 114, 117, 131, 1382, 138, 142-144,
173, 174, 176, 184, 218, 221, 232, 235,
238, 241, 256, 265,283, 288, 320, 327, 332
334, 345, 375, 396, 398, 402, 409, 410,
414, 416, 417, 424, 426, 428, 435, 444,
450, 452, 465, 469, 470, 475, 479, 495,
497, 499, 518, 529, 544, 546, 549, 554,
564, 567, 570, 582, 583, 587, 591, 592,
598, 622, 629, 632, 643, 653-656, 660,
667, 669, 732, 734740, 743, 749, 752,
753, 757, 759, 760, 772, 774, 780.

schepen 65, 67, 79, 86, 88, 91, 93, 96, 97,
101, 113, 127, 218, 414, 435, 458, 472,
518, 772775, 777, 780. Zie voor de met
namen. genoemde schepen het register der
eigennamen.

schilderijen 124, 126, 617.

schildpadhoorn 550, 555, 560, 571, 589.

semensina. Zie wormpoeder.

semianes. Zie zonnezeilen.

senaprio. Zie cinaber,

seversaat 625, 638,

seylsteen 187.

shemal (wind) 192.

siroop (nosiadar, Perzisch: nash daru) 617.

smaragden 31, 175, 185, 472.

smeralde. Zie smaragden.

solfer. Zie zwavel.

soty (lees: doty). Zie gonje.

specerijen 11, 22, 27, 31, 38, 59, 62, 64, 121,
122, 130, 134-136, 139, 143, 154, 159,
167, 170, 178, 179, 183, 192, 193, 197,
199, 205, 220, 228, 234, 243, 246, 266,
294, 296, 347, 351, 375, 376, 380 - 383,
386, 404, 416, 424, 434, 454, 463, 464,
467, 475, 478-480, 482, 487, 494, 508,
522, 549, 554, 562, 563, 565, 575, 576,
580, 591, 594, 598, 627, 670. Zie ook de
verschillende specerijen.

spiauter 36, 277, 278, 480, 589.

spica nardi Zie lavendel.

spiegels 6, 124, 126, 183, 313, 472, 511, 529,
550, 560, 571.

spinnagie 295.

staal 29, 35, 42, 61, 176, 185, 197, 234, 259,

845

297, 313, 363, 388, 391, 413, 416, 475,
500, 509, 510, 529, 530, 567, 570, 691.
stroo 54, 281, 430, 442, 572, 573, 578.

subchina. Lees: radix china.

suiker 11, 18, 22, 29, 35, 41, 59, 123,
139, 155, 176, 185, 197, 198, 215,
221, 234, 260, 264, 265, 277, 278,
297, 313, 314, 317, 361, 388, 398,
433, 438, 451, 459, 467, 470, 473,
476, 478-480, 485, 487, 500, 509,
542, 550, 551, 555, 556, 560, 571,
580, 589, 591, 605, 608-610, 616,
633, 649, 652, 770.

suycker candy. Zie suiker.

syde. Zie zijde.

130,
217,
296,
416,
474,
537,
576,
617,

T.

tabak 18, 35, 176, 197, 198, 234, 235,
265, 277, 282, 362, 470, 472475,
537, 542, 574, 610, 615, 617, 633, 652.

tabynen (een zijden weefsel) 226.

tamarinde 18, 473.

tamerijn. Zie tamarinde.

tammer indy. Zie tamarinde.

tapijten. 130, 142, 144, 296, 297, 452, 480,
495, 556, 559, 615, 617, 629, 683, 691.

tarwe 166, 255, 469, 501, 530, 549, 572, 597,
650, 653.

textielen. 11, 434, 470, 471, 480, 505,
548, 549, 556, 557, 560, 565 567,
615, 633, 634, 670.

tin 23, 29, 31, 36, 61, 139, 143, 144,
185, 197, 198, 200, 217, 221, 234,
264, 277, 279, 296, 297, 313, 317,
357, 359, 362, 370-372, 392, 403,
414, 416, 421, 430, 433, 439, 453,
470, 473, 474, 480, 488, 504 506,
524, 528, 542, 547 -549, 565 567,
584, 587, 591, 608-610, 615, 616,
649.

tinnewerk 43, 287, 300, 345, 395, 506,
645.                     :

tintenago, tintinago, toetenaggo. Zie spiauter.

toeken Zie tulbanden.

247,
529,

529,
572,

174,
261,
356,
413,
469,
515,
570,
625,

570,

tollen 44, 45, 49-54, 56, 63-65, 80, 116,

132, 136, 137, 141, 143, 165, 173,
185, 197, 200, 223, 229, 255, 265,
270, 297, 304, 307, 327, 329, 345,
353, 366, 367, 397, 406, 407, 421, 427,
463, 465, 469471, 475, 476, 481,
493, 494, 500, 510, 513, 526, 528,
554, 566, 577, 591, 612-614, 622,
630, 643, 650, 659661, 667, 668,
675, 677, 679, 681-685, 694, 696, 773,
776, 781. Zie ook wegtollen.
tomannen 14, 29, 39, 42, 43, 52, 54, 58 60,
64, 76, 79, 80, 82, 83, 106, 107, 110, 114,
118, 131, 182, 137, 141, 155, 161, 185,

120,
178,
268,
352,
445,
485,
529,
629,
