ZAKEN-INDEX.

555, 560, 562, 565, 571, 575, 576, 585,
588, 589, 591, 598, 605, 608-611, 614,
627, 723, 770, 772, 780, 785.

kweeperen 44.

kwikzilver 6, 36, 124, 175, 185, 217, 279,
444, 515, 519, 521, 540, 560.

L.

laken 6, 29, 31, 34, 66, 71, 74, 89, 100, 101,
124, 142, 144, 173, 174, 176, 183, 185, 209,
217, 221, 232, 251, 259, 264, 279, 291,
296, 305, 312, 317, 318, 337, 350, 357, 359,
363, 370, 371, 372, 388, 392, 414, 416, 421,
424, 430, 438, 453, 455, 469, 470, 472,
473, 476, 480, 495, 499, 501, 504 506,
510, 511, 515, 524, 527-529, 542, 548
550, 554, 560, 561, 563, 565, 566, 569,
570, 584, 587, 591, 597, 609, 611, 614
617, 624, 625, 629, 641, 643, 644, 649,
655, 709.

lakwerk 29, 35, 41, 605.

lampolie 295, 473.

lapis lazuli 187.

larinen, larynen 75, 108, 392, 486 490, 492,
541-543, 551, 555, 556, 572, 589, 591,
608611, 617, 640, 641, 649, 652, 653, 661.

lastdieren 680, 681, 732. Zie ook kameelen,
muildieren.

lavendel (spicanardi) 148, 149, 277.

leder 566. Zie ook chagrijnleer.

leeuwendaalders 247, 269.

letterhout 187.

levensmiddelen. Zie mondkost.

liberteyt van negotie 9, 145, 179, 359, 371,
372.

lignum alo, zie alohout.

linnen 156.

logieboecken 232.

lood 6, 124, 217, 403, 480, 510, 515, 524, 608.

loopen 31, 60, 65, 124, 126, 145, 187, 307.

lywaten. Zie kleeden.

M.

macis, zie foelie.

maglie 31, 65.

makelaardij 35, 67, 85, 102, 116, 131, 137,
138, 224, 251, 276, 296, 297, 298, 321,
370, 416, 457, 460, 478, 479, 513, 545,
587, 612, 619, 620, 643, 649, 650, 680.

malaxtin, zie tin.

malinkolders 187.

mantimentos. Zie proviand.

manufacturen 122, 124.

maschalliaet (geruite stof, zie Glossarium)
475.

maten 677, 680.

medalin (medailles) 124,

843

mee 392.

meekrap 18, 392, 514, 515, 640, 641, 651,
655.

meel 650, 653.

meewortelen. 18, 232.

merabulas. Zie mirabolanen.

messen 124, 187, 307.

mirabolanen, mirabulanen 197, 278, 314,
610, 617, 633, 638, 649.

mobili. Zie huisraad.

mondkost 71, 74, 7580, 82, 86, 106, 107,
218, 232, 233, 363, 414, 415, 435, 442, 570,
595, 644, 676, 678, 680, 776.

muildieren 150, 251, 343, 366, 419, 434, 437,
441, 442, 459, 506, 527, 558, 570, 572,
675, 678.

muscus 34, 35, 66, 78, 87, 100, 101, 113,
297, 480, 625, 785.

muskaatnoten. 22, 28-30, 32, 34, 35, 41,
42, 54, 59, 61, 65-67, 6974, 79, 81, 82,
84, 85, 92, 93, 108, 118, 134, 135, 138
140, 155, 176, 183, 185, 198, 217, 218,
228, 246, 258, 261, 264, 277, 278, 297,
313, 317, 357, 362, 370, 388, 416, 433,
438, 451, 459, 472, 474, 476, 479, 500,
508, 542, 550, 555, 560, 562, 565, 571,
515, 576, 585, 588, 589, 591, 598, 605,
608, 609, 627, 723, 770 -772, 780, 785.

muylen, zie muildieren.

N.

nagelen. Zie kruidnagelen.
negotieboecken 232.
Neurenburgerie 395.
nosiadar. Zie siroop.
noten 281.

Oo.

olie 43, 198, 620.

olifantstanden 6, 124, 555, 560.

olijfolie 617.

onkosten (gastes, gastos, goussy) 69, 80, 96’
102, 120, 137, 185, 200, 345, 442, 513’
583, 595, 624, 631.

opium 224.

oranjeappelen 44, 295.

ossen 67, 99.

P.

paarden 40, 41, 5456, 64, 67 69, 71, 77,
80-83, 86, 87, 91, 96, 97, 108, 109, 112,
114, 115, 131, 138, 143, 174, 191, 205,
206, 213, 224-226, 232, 244, 251, 270,
272, 275, 280, 281, 287, 289291, 300,
327, 333, 336, 353, 367, 410412, 417,
419, 434, 435, 437, 441, 442, 459, 469,
