842

huishouding, onkosten van 71, 74-80, 82,
85, 86, 91, 104, 105, 111, 223, 410.

huisraad 70, 71, 74, 75, 77, 78, 80, 82, 87,
91, 104, 105, 113.

huisvesting 676, 678, 680.

huizen 506, 570.

huys der vreemde ambassadoren (te ’s-Hage)
195.

IL

indigo 5, 9, 15, 19, 31, 32, 38, 61, 121, 123,
130, 133, 134, 148, 149, 156, 167, 169,
185, 188, 192, 197, 198, 202, 220, 234
236, 238, 247, 261, 265, 277, 279, 294,
297, 314, 317, 349, 350, 356, 362, 373,
386, 398, 436, 470, 473, 474, 485, 513,
516, 536, 542, 557, 580, 587, 605, 609 -
611, 615, 633, 640, 641, 768.

instructies 16, 25, 46, 53, 191, 240, 242, 243,
330, 381, 399, 410, 432, 448, 677, 762, 786.

J.

jamboeken (open booten, zie Glossarium) 26.

journaal 65, 119, 144.

juweelen 197, 297, 385, 387, 412, 419, 434,
440, 472, 529, 541, 568, 591, 648, 709.

K.

kaas 295.

kameelen 18, 68, 70, 150, 200, 215, 222,
247, 251, 267, 292, 296, 306, 322, 359,
372, 421, 430, 456, 470, 529, 545, 567,
604, 669, 675, 678, 732, 734 736, 739.

kamelot (grein) 561.
Kamerijksch doek 31, 65, 124, 126, 176, 183,
275, 307, 428, 528, 554, 643, 649, 651.
kamfer 28, 41, 42, 59, 79, 84, 85, 116118,
138, 140, 185, 198, 217, 229, 246, 251,
256, 259, 264, 304, 313, 317, 362, 468,
474, 476, 480, 501, 509, 548, 551, 556, 571,
589, 605, 608, 610.

kanarievogels 187.

kaneel 35, 41, 139, 197, 198, 217, 234, 277,
279, 313, 362, 474, 480, 500, 509, 542,
589, 609, 770.

karavanserais 733.

katoen 9, 40, 61, 63, 149, 156, 176, 198,
235, 278, 279, 472, 473, 475, 529, 530,
542, 557, 562, 563, 571, 572, 574, 579,
597, 607, 610, 617, 633.

kemels, zie kameelen.

kerken 675, 678, 681.

kerkhoven 676, 678, 681, 682.

ketels 501, 509, 529, 544.

kismis. Zie krenten.

ZAKEN-INDEX,

klatergoud 313, 357, 370, 388, 391, 501, 509,
529, 530, 542, 544, 567.

kleeden 5, 10, 18, 23, 25, 31, 34, 35, 38,
61-63, 68, 71, 72, 75, 78, 81, 101, 123,
124, 126, 133-135, 149, 156, 167, 170,
176, 188, 192, 197, 198, 206, 217, 231,
234, 236, 237, 247, 248, 265, 276, 277,
279, 280, 294, 307, 313, 314, 348, 362,
386, 397, 407, 419, 421, 430, 437, 463,
473, 474, 482-484, 486--493, 499, 521,
529, 532, 533, 535, 537, 543, 562, 566,
579, 584, 587, 591, 595, 597, 605, 609,
612, 616, 617, 619, 620, 621, 626, 633, 634,
638, 640 -642, 648653, 658, 665, 670,
671, 691, 713, 768, 769, 778, 785.

koffie 246, 277, 279, 314, 317, 361, 473, 480,
529, 542, 610, 617, 633.

koopmanschappen 10, 11, 13, 16, 18, 27, 40,
43-45, 48, 62, 66, 69, 70, 74, 75, 80, 84
86, 89, 91, 102, 103, 113, 115, 120 -122,
124, 125, 127, 128, 135, 136, 138, 140, 144,
149, 153, 156, 167, 168, 170, 172-176,
184-186, 189, 190, 195, 197, 202, 209,
214, 217, 218, 221, 223, 225, 231, 234,
236-238, 243, 244, 249, 252, 256, 260 -
262, 264, 277, 285, 288, 295-297, 299,
303-305, 312, 334, 343, 345, 347, 350,
353, 356, 365, 370, 374, 377, 381, 384, 387,
388, 390392, 401, 403, 406, 414, 416,
418, 419, 421, 422, 424, 427, 429, 430,
436, 445, 447, 453-455, 458, 462 465,
470, 472 474, 478, 482, 485, 486, 488
494, 503, 506, 508, 512, 515, 516, 518,
534, 538-541, 550, 551, 555, 556, 565,
568, 570, 572, 575, 578, 580, 582, 584, 585,
588, 589, 594, 595, 597-599, 608, 609,
617619, 622626, 631, 632, 636, 638,
640, 641, 643, 645, 647, 655, 656 658,
660, 662, 664, 670, 671, 677, 679, 684,
685, 690, 711, 724, 768, 773, 785.

koper 19, 28, 41, 42, 59, 60, 79, 84, 85, 116
118, 123, 125, 130, 134, 139, 150, 185, 217,
232, 256, 259, 264, 278, 317, 362, 433,
457, 459, 468, 471, 473, 474, 476, 480,
499 501, 509, 528, 542, 548-551, 555,
556, 563, 565, 566, 571, 589, 591, 608, 610.

koperen kronen, lantaarns 307.

koraal 29, 31, 480.

kraken, zie caracquen.

kralen 395.

krenten 295, 530, 572.

kruidnagelen 22, 23, 28-30, 32, 33, 35, 41,
42, 59, 65-67, 69-74, 79, 81, 82, 84,
85, 92, 93, 118, 134, 135, 138-140, 149,
155, 176, 185, 197, 198, 215, 217, 218,
221, 228, 234, 246, 258, 264, 277, 278,
313, 317, 357, 362, 370, 388, 392, 398, 416,
419, 433, 438, 451, 455, 463, 464, 472
474, 479, 500, 509, 539, 542, 543, 550,
